

IT;AREA SUD;COD 620;AGRIGENTO;AGRIGENTO 01;S1E;NULL;1401251;NULL;UNITS;64.000;61.000;70.000;67.000;62.000;54.000;59.000;36.000;68.000;38.000;39.000;45.000;64.000;40.000;39.000;47.000;42.000;42.000;24.000;30.000;54.000;30.000;34.000;18.000
IT;AREA SUD;COD 620;AGRIGENTO;AGRIGENTO 01;S1E;NULL;1401251;NULL;VALUES;798.720;761.280;873.600;836.160;773.760;673.920;736.320;449.280;848.640;474.240;486.720;561.600;798.720;499.200;486.720;586.560;524.160;524.160;299.520;374.400;673.920;374.400;424.320;224.640

-------------------------------------DONE---------------------------------------

IT;AREA SUD;COD 1173;AVELLINO;AVELLINO 01;S1K;NULL;1401241;NULL;UNITS;25.000;25.000;28.000;37.000;17.000;15.000;19.000;15.000;15.000;14.000;24.000;13.000;24.000;21.000;26.000;34.000;22.000;18.000;19.000;16.000;17.000;13.000;17.000;20.000
IT;AREA SUD;COD 1173;AVELLINO;AVELLINO 01;S1K;NULL;1401241;NULL;VALUES;192.320;202.410;220.740;294.720;128.080;119.790;155.530;116.110;116.160;112.110;193.160;103.550;190.470;162.320;213.120;283.700;182.400;141.970;154.460;121.490;142.250;102.700;142.790;154.040


-------------------------------------DONE---------------------------------------


IT;AREA SUD;COD 620;AGRIGENTO;AGRIGENTO 01;S1E;NULL;14012510;NULL;UNITS;54.000;58.000;41.000;43.000;54.000;53.000;52.000;43.000;61.000;50.000;50.000;66.000;71.000;70.000;52.000;64.000;69.000;71.000;55.000;58.000;69.000;66.000;73.000;52.000
IT;AREA SUD;COD 620;AGRIGENTO;AGRIGENTO 01;S1E;NULL;14012510;NULL;VALUES;800.280;859.560;607.620;637.260;800.280;785.460;770.640;637.260;904.020;741.000;741.000;978.120;1052.220;1037.400;770.640;948.480;1022.580;1052.220;815.100;859.560;1022.580;978.120;1081.860;770.640

-------------------------------------DONE---------------------------------------


IT;AREA CENTRO;COD 1200;FIRENZE;FIRENZE 02;S1E;NULL;14012512;NULL;UNITS;78.000;81.000;82.000;36.000;68.000;64.000;83.000;200.000;68.000;90.000;78.000;69.000;106.000;115.000;134.000;77.000;123.000;151.000;154.000;159.000;141.000;105.000;95.000;115.000
IT;AREA CENTRO;COD 1200;FIRENZE;FIRENZE 02;S1E;NULL;14012512;NULL;VALUES;1152.840;1197.180;1211.960;532.080;1005.040;945.920;1226.740;2956.000;1005.040;1330.200;1152.840;1019.820;1566.680;1699.700;1980.520;1138.060;1817.940;2231.780;2276.120;2350.020;2083.980;1551.900;1404.100;1699.700




-------------------------------------DONE---------------------------------------


IT;AREA SUD;COD 620;AGRIGENTO;AGRIGENTO 01;S1E;NULL;14012511;NULL;UNITS;55.000;60.000;63.000;54.000;59.000;61.000;49.000;46.000;64.000;46.000;59.000;45.000;52.000;44.000;64.000;66.000;62.000;59.000;64.000;61.000;69.000;64.000;56.000;64.000
IT;AREA SUD;COD 620;AGRIGENTO;AGRIGENTO 01;S1E;NULL;14012511;NULL;VALUES;586.300;639.600;671.580;575.640;628.940;650.260;522.340;490.360;682.240;490.360;628.940;479.700;554.320;469.040;682.240;703.560;660.920;628.940;682.240;650.260;735.540;682.240;596.960;682.240



-------------------------------------DONE---------------------------------------


IT;AREA SUD;COD 620;AGRIGENTO;AGRIGENTO 03;S1E;NULL;1401251;NULL;UNITS;16.000;14.000;13.000;9.000;27.000;12.000;18.000;23.000;19.000;20.000;7.000;11.000;17.000;20.000;5.000;15.000;15.000;8.000;13.000;8.000;11.000;4.000;8.000;2.000
IT;AREA SUD;COD 620;AGRIGENTO;AGRIGENTO 03;S1E;NULL;1401251;NULL;VALUES;199.680;174.720;162.240;112.320;336.960;149.760;224.640;287.040;237.120;249.600;87.360;137.280;212.160;249.600;62.400;187.200;187.200;99.840;162.240;99.840;137.280;49.920;99.840;24.960

-------------------------------------DONE---------------------------------------



IT;AREA SUD;COD 620;AGRIGENTO;AGRIGENTO 03;S1E;NULL;14012510;NULL;UNITS;25.000;23.000;35.000;20.000;36.000;29.000;27.000;25.000;30.000;26.000;35.000;28.000;22.000;29.000;34.000;18.000;31.000;28.000;17.000;24.000;23.000;31.000;26.000;26.000
IT;AREA SUD;COD 620;AGRIGENTO;AGRIGENTO 03;S1E;NULL;14012510;NULL;VALUES;370.500;340.860;518.700;296.400;533.520;429.780;400.140;370.500;444.600;385.320;518.700;414.960;326.040;429.780;503.880;266.760;459.420;414.960;251.940;355.680;340.860;459.420;385.320;385.320


-------------------------------------DONE---------------------------------------


IT;AREA SUD;COD 620;AGRIGENTO;AGRIGENTO 01;S1E;NULL;14012512;NULL;UNITS;34.000;42.000;41.000;48.000;45.000;36.000;50.000;49.000;39.000;43.000;63.000;44.000;66.000;67.000;58.000;62.000;57.000;63.000;58.000;60.000;61.000;65.000;74.000;71.000
IT;AREA SUD;COD 620;AGRIGENTO;AGRIGENTO 01;S1E;NULL;14012512;NULL;VALUES;502.520;620.760;605.980;709.440;665.100;532.080;739.000;724.220;576.420;635.540;931.140;650.320;975.480;990.260;857.240;916.360;842.460;931.140;857.240;886.800;901.580;960.700;1093.720;1049.380





